1020 set([17, 2, 3, 5])
1050 set([2, 3, 5, 7])
1092 set([2, 3, 13, 7])
1110 set([2, 3, 5, 37])
1122 set([11, 17, 2, 3])
1140 set([19, 2, 3, 5])
1155 set([11, 3, 5, 7])
1170 set([2, 3, 5, 13])
1190 set([17, 2, 5, 7])
1218 set([2, 3, 29, 7])
1230 set([41, 2, 3, 5])
1254 set([11, 19, 2, 3])
1260 set([2, 3, 5, 7])
1290 set([43, 2, 3, 5])
1302 set([31, 2, 3, 7])
1320 set([11, 2, 3, 5])
1326 set([17, 2, 3, 13])
1330 set([2, 19, 5, 7])
1365 set([3, 13, 5, 7])
1380 set([2, 3, 5, 23])
1386 set([11, 2, 3, 7])
1410 set([2, 3, 5, 47])
1428 set([17, 2, 3, 7])
1430 set([2, 11, 5, 13])
1470 set([2, 3, 5, 7])
1482 set([19, 2, 3, 13])
1518 set([11, 2, 3, 23])
1530 set([17, 2, 3, 5])
1540 set([2, 11, 5, 7])
1554 set([2, 3, 37, 7])
1560 set([2, 3, 5, 13])
1590 set([2, 3, 5, 53])
1596 set([19, 2, 3, 7])
1610 set([2, 23, 5, 7])
1638 set([2, 3, 13, 7])
1650 set([11, 2, 3, 5])
1680 set([2, 3, 5, 7])
1710 set([19, 2, 3, 5])
1716 set([11, 2, 3, 13])
1722 set([41, 2, 3, 7])
1740 set([2, 3, 5, 29])
1770 set([59, 2, 3, 5])
1785 set([17, 3, 5, 7])
1794 set([2, 3, 13, 23])
1806 set([43, 2, 3, 7])
1820 set([2, 13, 5, 7])
1830 set([2, 3, 5, 61])
1848 set([11, 2, 3, 7])
1860 set([2, 3, 5, 31])
1870 set([17, 2, 11, 5])
1890 set([2, 3, 5, 7])
1914 set([11, 2, 3, 29])
1932 set([23, 2, 3, 7])
1938 set([19, 17, 2, 3])
1950 set([2, 3, 5, 13])
1974 set([47, 2, 3, 7])
1980 set([11, 2, 3, 5])
1995 set([19, 3, 5, 7])
2002 set([2, 11, 13, 7])
2010 set([67, 2, 3, 5])
2030 set([2, 29, 5, 7])
2040 set([17, 2, 3, 5])
2046 set([11, 2, 3, 31])
2070 set([2, 3, 5, 23])
2090 set([19, 2, 11, 5])
2100 set([2, 3, 5, 7])
2130 set([2, 3, 5, 71])
2142 set([17, 2, 3, 7])
2145 set([11, 3, 5, 13])
2170 set([2, 31, 5, 7])
2184 set([2, 3, 13, 7])
2190 set([73, 2, 3, 5])
2210 set([17, 2, 5, 13])
2220 set([2, 3, 5, 37])
2226 set([2, 3, 53, 7])
2244 set([11, 17, 2, 3])
2262 set([2, 3, 13, 29])
2280 set([19, 2, 3, 5])
2340 set([2, 3, 5, 13])
2346 set([17, 2, 3, 23])
2370 set([2, 3, 5, 79])
2380 set([17, 2, 5, 7])
2394 set([19, 2, 3, 7])
2415 set([23, 3, 5, 7])
2418 set([2, 3, 13, 31])
2436 set([2, 3, 29, 7])
2442 set([11, 2, 3, 37])
2460 set([41, 2, 3, 5])
2470 set([2, 19, 5, 13])
2478 set([59, 2, 3, 7])
2490 set([83, 2, 3, 5])
2508 set([11, 19, 2, 3])
2520 set([2, 3, 5, 7])
2530 set([2, 11, 5, 23])
2550 set([17, 2, 3, 5])
2562 set([2, 3, 61, 7])
2574 set([11, 2, 3, 13])
2580 set([43, 2, 3, 5])
2590 set([2, 37, 5, 7])
2604 set([31, 2, 3, 7])
2610 set([2, 3, 5, 29])
2618 set([17, 2, 11, 7])
2622 set([19, 2, 3, 23])
2640 set([11, 2, 3, 5])
2652 set([17, 2, 3, 13])
2660 set([2, 19, 5, 7])
2670 set([89, 2, 3, 5])
2706 set([11, 41, 2, 3])
2760 set([2, 3, 5, 23])
2772 set([11, 2, 3, 7])
2790 set([2, 3, 5, 31])
2805 set([11, 17, 3, 5])
2814 set([67, 2, 3, 7])
2820 set([2, 3, 5, 47])
2838 set([11, 43, 2, 3])
2850 set([19, 2, 3, 5])
2856 set([17, 2, 3, 7])
2860 set([2, 11, 5, 13])
2870 set([41, 2, 5, 7])
2886 set([2, 3, 13, 37])
2898 set([23, 2, 3, 7])
2910 set([97, 2, 3, 5])
2926 set([19, 2, 11, 7])
2940 set([2, 3, 5, 7])
2958 set([17, 2, 3, 29])
2964 set([19, 2, 3, 13])
2970 set([11, 2, 3, 5])
2982 set([71, 2, 3, 7])
2990 set([2, 23, 5, 13])
3003 set([11, 3, 13, 7])
3010 set([2, 43, 5, 7])
3030 set([2, 3, 5, 101])
3036 set([11, 2, 3, 23])
3045 set([3, 29, 5, 7])
3060 set([17, 2, 3, 5])
3066 set([73, 2, 3, 7])
3080 set([2, 11, 5, 7])
3090 set([2, 3, 5, 103])
3094 set([17, 2, 13, 7])
3102 set([11, 2, 3, 47])
3108 set([2, 3, 37, 7])
3120 set([2, 3, 5, 13])
3135 set([11, 19, 3, 5])
3150 set([2, 3, 5, 7])
3162 set([17, 2, 3, 31])
3180 set([2, 3, 5, 53])
3190 set([2, 11, 5, 29])
3192 set([19, 2, 3, 7])
3198 set([41, 2, 3, 13])
3210 set([107, 2, 3, 5])
3220 set([2, 23, 5, 7])
3230 set([17, 2, 19, 5])
3234 set([11, 2, 3, 7])
3255 set([31, 3, 5, 7])
3270 set([2, 3, 5, 109])
3276 set([2, 3, 13, 7])
3290 set([2, 47, 5, 7])
3300 set([11, 2, 3, 5])
3306 set([19, 2, 3, 29])
3315 set([17, 3, 5, 13])
3318 set([79, 2, 3, 7])
3330 set([2, 3, 5, 37])
3354 set([43, 2, 3, 13])
3360 set([2, 3, 5, 7])
3366 set([11, 17, 2, 3])
3390 set([113, 2, 3, 5])
3410 set([2, 11, 5, 31])
3420 set([19, 2, 3, 5])
3432 set([11, 2, 3, 13])
3444 set([41, 2, 3, 7])
3450 set([2, 3, 5, 23])
3458 set([2, 19, 13, 7])
3465 set([11, 3, 5, 7])
3480 set([2, 3, 5, 29])
3486 set([83, 2, 3, 7])
3498 set([11, 2, 3, 53])
3510 set([2, 3, 5, 13])
3534 set([19, 2, 3, 31])
3540 set([59, 2, 3, 5])
3542 set([23, 2, 11, 7])
3588 set([2, 3, 13, 23])
3612 set([43, 2, 3, 7])
3630 set([11, 2, 3, 5])
3640 set([2, 13, 5, 7])
3654 set([2, 3, 29, 7])
3660 set([2, 3, 5, 61])
3666 set([2, 3, 13, 47])
3690 set([41, 2, 3, 5])
3696 set([11, 2, 3, 7])
3705 set([19, 3, 5, 13])
3710 set([2, 53, 5, 7])
3720 set([2, 3, 5, 31])
3738 set([89, 2, 3, 7])
3740 set([17, 2, 11, 5])
3762 set([11, 19, 2, 3])
3770 set([2, 29, 5, 13])
3774 set([17, 2, 3, 37])
3780 set([2, 3, 5, 7])
3795 set([11, 3, 5, 23])
3810 set([2, 3, 5, 127])
3822 set([2, 3, 13, 7])
3828 set([11, 2, 3, 29])
3850 set([2, 11, 5, 7])
3864 set([23, 2, 3, 7])
3870 set([43, 2, 3, 5])
3876 set([19, 17, 2, 3])
3885 set([37, 3, 5, 7])
3894 set([11, 59, 2, 3])
3900 set([2, 3, 5, 13])
3906 set([31, 2, 3, 7])
3910 set([17, 2, 5, 23])
3927 set([11, 17, 3, 7])
3930 set([2, 3, 131, 5])
3948 set([47, 2, 3, 7])
3960 set([11, 2, 3, 5])
3978 set([17, 2, 3, 13])
4002 set([2, 3, 29, 23])
4004 set([2, 11, 13, 7])
4020 set([67, 2, 3, 5])
4026 set([11, 2, 3, 61])
4030 set([2, 31, 5, 13])
4060 set([2, 29, 5, 7])
4070 set([2, 11, 5, 37])
4074 set([97, 2, 3, 7])
4080 set([17, 2, 3, 5])
4092 set([11, 2, 3, 31])
4095 set([3, 13, 5, 7])
4110 set([137, 2, 3, 5])
4130 set([2, 59, 5, 7])
4134 set([2, 3, 13, 53])
4140 set([2, 3, 5, 23])
4158 set([11, 2, 3, 7])
4170 set([2, 3, 139, 5])
4180 set([19, 2, 11, 5])
4182 set([17, 2, 3, 41])
4186 set([2, 23, 13, 7])
4200 set([2, 3, 5, 7])
4218 set([19, 2, 3, 37])
4230 set([2, 3, 5, 47])
4242 set([2, 3, 101, 7])
4260 set([2, 3, 5, 71])
4270 set([2, 61, 5, 7])
4278 set([31, 2, 3, 23])
4284 set([17, 2, 3, 7])
4305 set([41, 3, 5, 7])
4326 set([103, 2, 3, 7])
4340 set([2, 31, 5, 7])
4350 set([2, 3, 5, 29])
4368 set([2, 3, 13, 7])
4370 set([2, 19, 5, 23])
4380 set([73, 2, 3, 5])
4386 set([17, 2, 3, 43])
4389 set([11, 19, 3, 7])
4410 set([2, 3, 5, 7])
4420 set([17, 2, 5, 13])
4422 set([11, 67, 2, 3])
4440 set([2, 3, 5, 37])
4446 set([19, 2, 3, 13])
4452 set([2, 3, 53, 7])
4466 set([2, 11, 29, 7])
4470 set([2, 3, 5, 149])
4485 set([23, 3, 5, 13])
4488 set([11, 17, 2, 3])
4494 set([107, 2, 3, 7])
4510 set([41, 2, 11, 5])
4515 set([43, 3, 5, 7])
4522 set([17, 2, 19, 7])
4524 set([2, 3, 13, 29])
4530 set([2, 3, 5, 151])
4550 set([2, 13, 5, 7])
4554 set([11, 2, 3, 23])
4560 set([19, 2, 3, 5])
4578 set([2, 3, 109, 7])
4590 set([17, 2, 3, 5])
4602 set([59, 2, 3, 13])
4641 set([17, 3, 13, 7])
4650 set([2, 3, 5, 31])
4662 set([2, 3, 37, 7])
4674 set([19, 41, 2, 3])
4680 set([2, 3, 5, 13])
4686 set([11, 2, 3, 71])
4690 set([2, 67, 5, 7])
4692 set([17, 2, 3, 23])
4710 set([2, 3, 5, 157])
4730 set([43, 2, 11, 5])
4740 set([2, 3, 5, 79])
4746 set([113, 2, 3, 7])
4758 set([2, 3, 13, 61])
4760 set([17, 2, 5, 7])
4770 set([2, 3, 5, 53])
4774 set([31, 2, 11, 7])
4785 set([11, 3, 5, 29])
4788 set([19, 2, 3, 7])
4794 set([17, 2, 3, 47])
4810 set([2, 37, 5, 13])
4818 set([11, 73, 2, 3])
4836 set([2, 3, 13, 31])
4845 set([19, 17, 3, 5])
4862 set([17, 2, 11, 13])
4872 set([2, 3, 29, 7])
4884 set([11, 2, 3, 37])
4890 set([163, 2, 3, 5])
4902 set([19, 43, 2, 3])
4914 set([2, 3, 13, 7])
4920 set([41, 2, 3, 5])
4930 set([17, 2, 5, 29])
4935 set([47, 3, 5, 7])
4940 set([2, 19, 5, 13])
4950 set([11, 2, 3, 5])
4956 set([59, 2, 3, 7])
4970 set([2, 71, 5, 7])
4980 set([83, 2, 3, 5])
4998 set([17, 2, 3, 7])
5005 set([11, 13, 5, 7])
5010 set([2, 3, 5, 167])
5016 set([11, 19, 2, 3])
5040 set([2, 3, 5, 7])
5060 set([2, 11, 5, 23])
5070 set([2, 3, 5, 13])
5082 set([11, 2, 3, 7])
5100 set([17, 2, 3, 5])
5106 set([2, 3, 37, 23])
5110 set([73, 2, 5, 7])
5115 set([11, 3, 5, 31])
5124 set([2, 3, 61, 7])
5130 set([19, 2, 3, 5])
5148 set([11, 2, 3, 13])
5160 set([43, 2, 3, 5])
5166 set([41, 2, 3, 7])
5170 set([2, 11, 5, 47])
5180 set([2, 37, 5, 7])
5187 set([19, 3, 13, 7])
5190 set([2, 3, 5, 173])
5208 set([31, 2, 3, 7])
5214 set([11, 2, 3, 79])
5220 set([2, 3, 5, 29])
5226 set([67, 2, 3, 13])
5236 set([17, 2, 11, 7])
5244 set([19, 2, 3, 23])
5250 set([2, 3, 5, 7])
5270 set([17, 2, 5, 31])
5278 set([2, 29, 13, 7])
5280 set([11, 2, 3, 5])
5304 set([17, 2, 3, 13])
5310 set([59, 2, 3, 5])
5313 set([11, 23, 3, 7])
5320 set([2, 19, 5, 7])
5330 set([41, 2, 5, 13])
5334 set([127, 2, 3, 7])
5340 set([89, 2, 3, 5])
5355 set([17, 3, 5, 7])
5358 set([19, 2, 3, 47])
5370 set([179, 2, 3, 5])
5382 set([2, 3, 13, 23])
5390 set([2, 11, 5, 7])
5394 set([2, 3, 29, 31])
5406 set([17, 2, 3, 53])
5412 set([11, 41, 2, 3])
5418 set([43, 2, 3, 7])
5430 set([2, 3, 5, 181])
5434 set([19, 2, 11, 13])
5474 set([17, 2, 23, 7])
5478 set([11, 83, 2, 3])
5490 set([2, 3, 5, 61])
5502 set([2, 3, 131, 7])
5510 set([2, 19, 5, 29])
5520 set([2, 3, 5, 23])
5530 set([2, 79, 5, 7])
5538 set([2, 3, 13, 71])
5544 set([11, 2, 3, 7])
5550 set([2, 3, 5, 37])
5565 set([53, 3, 5, 7])
5580 set([2, 3, 5, 31])
5586 set([19, 2, 3, 7])
5590 set([2, 43, 5, 13])
5628 set([67, 2, 3, 7])
5640 set([2, 3, 5, 47])
5642 set([2, 31, 13, 7])
5655 set([3, 29, 5, 13])
5658 set([41, 2, 3, 23])
5670 set([2, 3, 5, 7])
5676 set([11, 43, 2, 3])
5694 set([73, 2, 3, 13])
5698 set([2, 11, 37, 7])
5700 set([19, 2, 3, 5])
5712 set([17, 2, 3, 7])
5720 set([2, 11, 5, 13])
5730 set([2, 3, 5, 191])
5740 set([41, 2, 5, 7])
5742 set([11, 2, 3, 29])
5754 set([137, 2, 3, 7])
5772 set([2, 3, 13, 37])
5775 set([11, 3, 5, 7])
5790 set([193, 2, 3, 5])
5796 set([23, 2, 3, 7])
5810 set([2, 83, 5, 7])
5814 set([19, 17, 2, 3])
5820 set([97, 2, 3, 5])
5830 set([2, 11, 5, 53])
5838 set([2, 3, 139, 7])
5850 set([2, 3, 5, 13])
5852 set([19, 2, 11, 7])
5865 set([17, 3, 5, 23])
5874 set([11, 89, 2, 3])
5880 set([2, 3, 5, 7])
5890 set([2, 19, 5, 31])
5910 set([2, 3, 5, 197])
5916 set([17, 2, 3, 29])
5922 set([47, 2, 3, 7])
5928 set([19, 2, 3, 13])
5934 set([43, 2, 3, 23])
5940 set([11, 2, 3, 5])
5950 set([17, 2, 5, 7])
5964 set([71, 2, 3, 7])
5970 set([2, 3, 5, 199])
5980 set([2, 23, 5, 13])
5985 set([19, 3, 5, 7])
6018 set([17, 2, 3, 59])
6020 set([2, 43, 5, 7])
6030 set([67, 2, 3, 5])
6042 set([19, 2, 3, 53])
6045 set([31, 3, 5, 13])
6060 set([2, 3, 5, 101])
6072 set([11, 2, 3, 23])
6105 set([11, 3, 5, 37])
6110 set([2, 47, 5, 13])
6118 set([23, 2, 19, 7])
6120 set([17, 2, 3, 5])
6132 set([73, 2, 3, 7])
6138 set([11, 2, 3, 31])
6150 set([41, 2, 3, 5])
6160 set([2, 11, 5, 7])
6162 set([2, 3, 13, 79])
6180 set([2, 3, 5, 103])
6188 set([17, 2, 13, 7])
6195 set([59, 3, 5, 7])
6204 set([11, 2, 3, 47])
6210 set([2, 3, 5, 23])
6216 set([2, 3, 37, 7])
6222 set([17, 2, 3, 61])
6230 set([89, 2, 5, 7])
6240 set([2, 3, 5, 13])
6258 set([2, 3, 149, 7])
6279 set([23, 3, 13, 7])
6290 set([17, 2, 5, 37])
6300 set([2, 3, 5, 7])
6314 set([41, 2, 11, 7])
6324 set([17, 2, 3, 31])
6330 set([2, 3, 5, 211])
6342 set([2, 3, 151, 7])
6360 set([2, 3, 5, 53])
6370 set([2, 13, 5, 7])
6380 set([2, 11, 5, 29])
6384 set([19, 2, 3, 7])
6390 set([2, 3, 5, 71])
6396 set([41, 2, 3, 13])
6402 set([11, 97, 2, 3])
6405 set([61, 3, 5, 7])
6420 set([107, 2, 3, 5])
6426 set([17, 2, 3, 7])
6435 set([11, 3, 5, 13])
6438 set([2, 3, 29, 37])
6440 set([2, 23, 5, 7])
6450 set([43, 2, 3, 5])
6460 set([17, 2, 19, 5])
6468 set([11, 2, 3, 7])
6474 set([83, 2, 3, 13])
6486 set([47, 2, 3, 23])
6490 set([59, 2, 11, 5])
6540 set([2, 3, 5, 109])
6545 set([17, 11, 5, 7])
6552 set([2, 3, 13, 7])
6555 set([19, 3, 5, 23])
6570 set([73, 2, 3, 5])
6578 set([2, 11, 13, 23])
6580 set([2, 47, 5, 7])
6594 set([2, 3, 157, 7])
6600 set([11, 2, 3, 5])
6612 set([19, 2, 3, 29])
6622 set([43, 2, 11, 7])
6636 set([79, 2, 3, 7])
6650 set([2, 19, 5, 7])
6660 set([2, 3, 5, 37])
6666 set([11, 2, 3, 101])
6670 set([2, 29, 5, 23])
6678 set([2, 3, 53, 7])
6690 set([2, 3, 5, 223])
6699 set([11, 3, 29, 7])
6708 set([43, 2, 3, 13])
6710 set([2, 11, 5, 61])
6720 set([2, 3, 5, 7])
6726 set([19, 59, 2, 3])
6732 set([11, 17, 2, 3])
6734 set([2, 37, 13, 7])
6762 set([23, 2, 3, 7])
6765 set([11, 41, 3, 5])
6780 set([113, 2, 3, 5])
6783 set([19, 17, 3, 7])
6786 set([2, 3, 13, 29])
6790 set([97, 2, 5, 7])
6798 set([11, 2, 3, 103])
6810 set([2, 3, 5, 227])
6820 set([2, 11, 5, 31])
6825 set([3, 13, 5, 7])
6834 set([67, 17, 2, 3])
6840 set([19, 2, 3, 5])
6846 set([2, 3, 163, 7])
6864 set([11, 2, 3, 13])
6870 set([2, 3, 5, 229])
6882 set([2, 3, 37, 31])
6888 set([41, 2, 3, 7])
6890 set([2, 53, 5, 13])
6900 set([2, 3, 5, 23])
6902 set([17, 2, 29, 7])
6916 set([2, 19, 13, 7])
6942 set([89, 2, 3, 13])
6954 set([19, 2, 3, 61])
6960 set([2, 3, 5, 29])
6970 set([17, 2, 5, 41])
6972 set([83, 2, 3, 7])
6990 set([233, 2, 3, 5])
6996 set([11, 2, 3, 53])
7014 set([2, 3, 167, 7])
7020 set([2, 3, 5, 13])
7030 set([2, 19, 5, 37])
7035 set([67, 3, 5, 7])
7038 set([17, 2, 3, 23])
7050 set([2, 3, 5, 47])
7062 set([11, 107, 2, 3])
7068 set([19, 2, 3, 31])
7070 set([2, 101, 5, 7])
7080 set([59, 2, 3, 5])
7084 set([23, 2, 11, 7])
7095 set([11, 43, 3, 5])
7098 set([2, 3, 13, 7])
7106 set([19, 17, 2, 11])
7110 set([2, 3, 5, 79])
7130 set([2, 31, 5, 23])
7134 set([41, 2, 3, 29])
7150 set([2, 11, 5, 13])
7161 set([11, 31, 3, 7])
7170 set([2, 3, 5, 239])
7176 set([2, 3, 13, 23])
7182 set([19, 2, 3, 7])
7194 set([11, 2, 3, 109])
7210 set([2, 103, 5, 7])
7215 set([37, 3, 5, 13])
7224 set([43, 2, 3, 7])
7230 set([241, 2, 3, 5])
7238 set([47, 2, 11, 7])
7242 set([17, 2, 3, 71])
7245 set([23, 3, 5, 7])
7254 set([2, 3, 13, 31])
7260 set([11, 2, 3, 5])
7266 set([2, 3, 173, 7])
7280 set([2, 13, 5, 7])
7293 set([11, 17, 3, 13])
7308 set([2, 3, 29, 7])
7310 set([17, 2, 43, 5])
7314 set([2, 3, 53, 23])
7315 set([19, 11, 5, 7])
7320 set([2, 3, 5, 61])
7326 set([11, 2, 3, 37])
7332 set([2, 3, 13, 47])
7350 set([2, 3, 5, 7])
7370 set([67, 2, 11, 5])
7378 set([17, 2, 31, 7])
7380 set([41, 2, 3, 5])
7392 set([11, 2, 3, 7])
7395 set([17, 3, 5, 29])
7420 set([2, 53, 5, 7])
7434 set([59, 2, 3, 7])
7440 set([2, 3, 5, 31])
7446 set([17, 2, 3, 73])
7455 set([71, 3, 5, 7])
7458 set([11, 113, 2, 3])
7462 set([41, 2, 13, 7])
7470 set([83, 2, 3, 5])
7476 set([89, 2, 3, 7])
7480 set([17, 2, 11, 5])
7482 set([43, 2, 3, 29])
7490 set([2, 107, 5, 7])
7518 set([2, 3, 179, 7])
7524 set([11, 19, 2, 3])
7530 set([2, 3, 5, 251])
7540 set([2, 29, 5, 13])
7548 set([17, 2, 3, 37])
7560 set([2, 3, 5, 7])
7566 set([97, 2, 3, 13])
7602 set([2, 3, 181, 7])
7620 set([2, 3, 5, 127])
7626 set([41, 2, 3, 31])
7630 set([2, 109, 5, 7])
7638 set([19, 67, 2, 3])
7644 set([2, 3, 13, 7])
7650 set([17, 2, 3, 5])
7656 set([11, 2, 3, 29])
7665 set([73, 3, 5, 7])
7670 set([2, 59, 5, 13])
7686 set([2, 3, 61, 7])
7700 set([2, 11, 5, 7])
7710 set([257, 2, 3, 5])
7714 set([2, 19, 29, 7])
7722 set([11, 2, 3, 13])
7728 set([23, 2, 3, 7])
7735 set([17, 13, 5, 7])
7740 set([43, 2, 3, 5])
7752 set([19, 17, 2, 3])
7755 set([11, 3, 5, 47])
7788 set([11, 59, 2, 3])
7790 set([41, 2, 19, 5])
7800 set([2, 3, 5, 13])
7810 set([2, 11, 5, 71])
7812 set([31, 2, 3, 7])
7820 set([17, 2, 5, 23])
7826 set([2, 43, 13, 7])
7830 set([2, 3, 5, 29])
7860 set([2, 3, 131, 5])
7866 set([19, 2, 3, 23])
7878 set([2, 3, 13, 101])
7890 set([2, 3, 5, 263])
7896 set([47, 2, 3, 7])
7905 set([17, 3, 5, 31])
7910 set([113, 2, 5, 7])
7917 set([3, 29, 13, 7])
7920 set([11, 2, 3, 5])
7930 set([2, 61, 5, 13])
7950 set([2, 3, 5, 53])
7956 set([17, 2, 3, 13])
7990 set([17, 2, 5, 47])
7995 set([41, 3, 5, 13])
7998 set([43, 2, 3, 31])
8004 set([2, 3, 29, 23])
8008 set([2, 11, 13, 7])
8010 set([89, 2, 3, 5])
8022 set([2, 3, 191, 7])
8030 set([73, 2, 11, 5])
8034 set([2, 3, 13, 103])
8040 set([67, 2, 3, 5])
8050 set([2, 23, 5, 7])
8052 set([11, 2, 3, 61])
8058 set([17, 2, 3, 79])
8060 set([2, 31, 5, 13])
8070 set([2, 3, 5, 269])
8085 set([11, 3, 5, 7])
8094 set([19, 2, 3, 71])
8106 set([193, 2, 3, 7])
8118 set([11, 41, 2, 3])
8120 set([2, 29, 5, 7])
8130 set([2, 3, 5, 271])
8140 set([2, 11, 5, 37])
8142 set([59, 2, 3, 23])
8148 set([97, 2, 3, 7])
8151 set([11, 19, 3, 13])
8160 set([17, 2, 3, 5])
8162 set([2, 11, 53, 7])
8170 set([43, 2, 19, 5])
8178 set([2, 3, 29, 47])
8184 set([11, 2, 3, 31])
8211 set([23, 17, 3, 7])
8220 set([137, 2, 3, 5])
8246 set([31, 2, 19, 7])
8250 set([11, 2, 3, 5])
8260 set([2, 59, 5, 7])
8265 set([19, 3, 5, 29])
8268 set([2, 3, 13, 53])
8274 set([2, 3, 197, 7])
8280 set([2, 3, 5, 23])
8294 set([2, 11, 13, 29])
8295 set([79, 3, 5, 7])
8310 set([2, 3, 5, 277])
8316 set([11, 2, 3, 7])
8322 set([19, 73, 2, 3])
8330 set([17, 2, 5, 7])
8340 set([2, 3, 139, 5])
8346 set([107, 2, 3, 13])
8358 set([2, 3, 199, 7])
8360 set([19, 2, 11, 5])
8364 set([17, 2, 3, 41])
8370 set([2, 3, 5, 31])
8372 set([2, 23, 13, 7])
8382 set([11, 2, 3, 127])
8385 set([43, 3, 5, 13])
8398 set([17, 2, 19, 13])
8400 set([2, 3, 5, 7])
8415 set([11, 17, 3, 5])
8418 set([2, 3, 61, 23])
8430 set([281, 2, 3, 5])
8436 set([19, 2, 3, 37])
8442 set([67, 2, 3, 7])
8460 set([2, 3, 5, 47])
8463 set([31, 3, 13, 7])
8466 set([83, 17, 2, 3])
8470 set([2, 11, 5, 7])
8484 set([2, 3, 101, 7])
8490 set([283, 2, 3, 5])
8502 set([2, 3, 13, 109])
8510 set([2, 37, 5, 23])
8514 set([11, 43, 2, 3])
8520 set([2, 3, 5, 71])
8526 set([2, 3, 29, 7])
8540 set([2, 61, 5, 7])
8547 set([11, 3, 37, 7])
8550 set([19, 2, 3, 5])
8554 set([2, 47, 13, 7])
8556 set([31, 2, 3, 23])
8568 set([17, 2, 3, 7])
8602 set([17, 2, 11, 23])
8645 set([19, 13, 5, 7])
8646 set([11, 2, 3, 131])
8652 set([103, 2, 3, 7])
8658 set([2, 3, 13, 37])
8670 set([17, 2, 3, 5])
8680 set([2, 31, 5, 7])
8690 set([2, 11, 5, 79])
8694 set([23, 2, 3, 7])
8700 set([2, 3, 5, 29])
8710 set([2, 67, 5, 13])
8715 set([83, 3, 5, 7])
8730 set([97, 2, 3, 5])
8736 set([2, 3, 13, 7])
8740 set([2, 19, 5, 23])
8742 set([47, 2, 3, 31])
8745 set([11, 3, 5, 53])
8760 set([73, 2, 3, 5])
8772 set([17, 2, 3, 43])
8790 set([2, 3, 5, 293])
8806 set([17, 2, 37, 7])
8814 set([113, 2, 3, 13])
8820 set([2, 3, 5, 7])
8835 set([19, 3, 5, 31])
8840 set([17, 2, 5, 13])
8844 set([11, 67, 2, 3])
8850 set([59, 2, 3, 5])
8855 set([23, 11, 5, 7])
8862 set([2, 3, 211, 7])
8866 set([2, 11, 13, 31])
8874 set([17, 2, 3, 29])
8880 set([2, 3, 5, 37])
8890 set([2, 127, 5, 7])
8892 set([19, 2, 3, 13])
8904 set([2, 3, 53, 7])
8910 set([11, 2, 3, 5])
8925 set([17, 3, 5, 7])
8930 set([2, 19, 5, 47])
8932 set([2, 11, 29, 7])
8940 set([2, 3, 5, 149])
8946 set([71, 2, 3, 7])
8976 set([11, 17, 2, 3])
8988 set([107, 2, 3, 7])
8990 set([2, 31, 5, 29])
9006 set([19, 2, 3, 79])
9009 set([11, 3, 13, 7])
9010 set([17, 2, 5, 53])
9020 set([41, 2, 11, 5])
9042 set([11, 137, 2, 3])
9044 set([17, 2, 19, 7])
9048 set([2, 3, 13, 29])
9060 set([2, 3, 5, 151])
9078 set([17, 2, 3, 89])
9086 set([59, 2, 11, 7])
9090 set([2, 3, 5, 101])
9100 set([2, 13, 5, 7])
9102 set([41, 2, 3, 37])
9108 set([11, 2, 3, 23])
9114 set([31, 2, 3, 7])
9120 set([19, 2, 3, 5])
9130 set([83, 2, 11, 5])
9135 set([3, 29, 5, 7])
9150 set([2, 3, 5, 61])
9156 set([2, 3, 109, 7])
9165 set([47, 3, 5, 13])
9170 set([2, 131, 5, 7])
9174 set([11, 2, 3, 139])
9177 set([19, 23, 3, 7])
9180 set([17, 2, 3, 5])
9198 set([73, 2, 3, 7])
9204 set([59, 2, 3, 13])
9210 set([307, 2, 3, 5])
9222 set([2, 3, 29, 53])
9230 set([2, 71, 5, 13])
9246 set([67, 2, 3, 23])
9270 set([2, 3, 5, 103])
9300 set([2, 3, 5, 31])
9306 set([11, 2, 3, 47])
9310 set([2, 19, 5, 7])
9324 set([2, 3, 37, 7])
9330 set([2, 3, 5, 311])
9338 set([2, 23, 29, 7])
9345 set([89, 3, 5, 7])
9348 set([19, 41, 2, 3])
9350 set([17, 2, 11, 5])
9360 set([2, 3, 5, 13])
9366 set([2, 3, 223, 7])
9372 set([11, 2, 3, 71])
9380 set([2, 67, 5, 7])
9384 set([17, 2, 3, 23])
9390 set([313, 2, 3, 5])
9394 set([2, 11, 61, 7])
9405 set([11, 19, 3, 5])
9420 set([2, 3, 5, 157])
9430 set([41, 2, 5, 23])
9435 set([17, 3, 5, 37])
9438 set([11, 2, 3, 13])
9450 set([2, 3, 5, 7])
9460 set([43, 2, 11, 5])
9462 set([19, 83, 2, 3])
9471 set([11, 41, 3, 7])
9480 set([2, 3, 5, 79])
9486 set([17, 2, 3, 31])
9490 set([73, 2, 5, 13])
9492 set([113, 2, 3, 7])
9510 set([2, 3, 5, 317])
9516 set([2, 3, 13, 61])
9520 set([17, 2, 5, 7])
9534 set([2, 3, 227, 7])
9540 set([2, 3, 5, 53])
9546 set([43, 2, 3, 37])
9548 set([31, 2, 11, 7])
9555 set([3, 13, 5, 7])
9576 set([19, 2, 3, 7])
9588 set([17, 2, 3, 47])
9590 set([137, 2, 5, 7])
9594 set([41, 2, 3, 13])
9614 set([19, 2, 11, 23])
9618 set([2, 3, 229, 7])
9620 set([2, 37, 5, 13])
9630 set([107, 2, 3, 5])
9636 set([11, 73, 2, 3])
9646 set([2, 53, 13, 7])
9672 set([2, 3, 13, 31])
9702 set([11, 2, 3, 7])
9724 set([17, 2, 11, 13])
9730 set([2, 139, 5, 7])
9735 set([11, 59, 3, 5])
9744 set([2, 3, 29, 7])
9750 set([2, 3, 5, 13])
9758 set([17, 2, 41, 7])
9765 set([31, 3, 5, 7])
9768 set([11, 2, 3, 37])
9780 set([163, 2, 3, 5])
9786 set([233, 2, 3, 7])
9790 set([89, 2, 11, 5])
9798 set([71, 2, 3, 23])
9804 set([19, 43, 2, 3])
9810 set([2, 3, 5, 109])
9828 set([2, 3, 13, 7])
9834 set([11, 2, 3, 149])
9840 set([41, 2, 3, 5])
9842 set([2, 19, 37, 7])
9858 set([2, 3, 53, 31])
9860 set([17, 2, 5, 29])
9867 set([11, 3, 13, 23])
9880 set([2, 19, 5, 13])
9890 set([2, 43, 5, 23])
9894 set([17, 2, 3, 97])
9900 set([11, 2, 3, 5])
9906 set([2, 3, 13, 127])
9912 set([59, 2, 3, 7])
9918 set([19, 2, 3, 29])
9930 set([331, 2, 3, 5])
9933 set([11, 43, 3, 7])
9940 set([2, 71, 5, 7])
9945 set([17, 3, 5, 13])
9954 set([79, 2, 3, 7])
9960 set([83, 2, 3, 5])
9966 set([11, 2, 3, 151])
9975 set([19, 3, 5, 7])
9982 set([31, 2, 23, 7])
9990 set([2, 3, 5, 37])
9996 set([17, 2, 3, 7])
