1000056119
1000301170
1000357289
1000658323
1000952867
1000959493
1002105595
1002700000
1002756119
1004252867
1004259493
1004504425
1004553901
1004805595
1006000000
1006056119
1006301170
1006357289
1006658323
1006952867
1006959493
1008105595
1008700000
1008756119
1010252867
1010259493
1010504425
1010553901
1010805595
1012000000
1012056119
1012301170
1012357289
1012658323
1012952867
1012959493
1014105595
1014700000
1014756119
1016252867
1016259493
1016504425
1016553901
1016805595
1018000000
1018056119
1018301170
1018357289
1018658323
1018952867
1018959493
1020105595
1020700000
1020756119
1022252867
1022259493
1022504425
1022553901
1022805595
1024000000
1024056119
1024301170
1024357289
1024658323
1024952867
1024959493
1026105595
1026700000
1026756119
1028252867
1028259493
1028504425
1028553901
1028805595
1030000000
1030056119
1030301170
1030357289
1030658323
1030952867
1030959493
1032105595
1032700000
1032756119
1034252867
1034259493
1034504425
1034553901
1034805595
1036000000
1036056119
1036301170
1036357289
1036658323
1036952867
1036959493
1038105595
1038700000
1038756119
1040252867
1040259493
1040504425
1040553901
1040805595
1042000000
1042056119
1042301170
1042357289
1042658323
1042952867
1042959493
1044105595
1044700000
1044756119
1046252867
1046259493
1046504425
1046553901
1046805595
1048000000
1048056119
1048301170
1048357289
1048658323
1048952867
1048959493
1050105595
1050700000
1050756119
1052252867
1052259493
1052504425
1052553901
1052805595
1054000000
1054056119
1054301170
1054357289
1054658323
1054952867
1054959493
1056105595
1056700000
1056756119
1058252867
1058259493
1058504425
1058553901
1058805595
1060000000
1060056119
1060301170
1060357289
1060658323
1060952867
1060959493
1062105595
1062700000
1062756119
1064252867
1064259493
1064504425
1064553901
1064805595
1066000000
1066056119
1066301170
1066357289
1066658323
1066952867
1066959493
1068105595
1068700000
1068756119
1070252867
1070259493
1070504425
1070553901
1070805595
1072000000
1072056119
1072301170
1072357289
1072658323
1072952867
1072959493
1074105595
1074700000
1074756119
1076252867
1076259493
1076504425
1076553901
1076805595
1078000000
1078056119
1078301170
1078357289
1078658323
1078952867
1078959493
1080105595
1080700000
1080756119
1082252867
1082259493
1082504425
1082553901
1082805595
1084000000
1084056119
1084301170
1084357289
1084658323
1084952867
1084959493
1086105595
1086700000
1086756119
1088252867
1088259493
1088504425
1088553901
1088805595
1090000000
1090056119
1090301170
1090357289
1090658323
1090952867
1090959493
1092105595
1092700000
1092756119
1094252867
1094259493
1094504425
1094553901
1094805595
1096000000
1096056119
1096301170
1096357289
1096658323
1096952867
1096959493
1098105595
1098700000
1098756119
1100000000
1100056119
1100301170
1100357289
1100658323
1100952867
1100959493
1102105595
1102700000
1102756119
1104252867
1104259493
1104504425
1104553901
1104805595
1106000000
1106056119
1106301170
1106357289
1106658323
1106952867
1106959493
1108105595
1108700000
1108756119
1110252867
1110259493
1110504425
1110553901
1110805595
1112000000
1112056119
1112301170
1112357289
1112658323
1112952867
1112959493
1114105595
1114700000
1114756119
1116252867
1116259493
1116504425
1116553901
1116805595
1118000000
1118056119
1118301170
1118357289
1118658323
1118952867
1118959493
1120105595
1120700000
1120756119
1122252867
1122259493
1122504425
1122553901
1122805595
1124000000
1124056119
1124301170
1124357289
1124658323
1124952867
1124959493
1126105595
1126700000
1126756119
1128252867
1128259493
1128504425
1128553901
1128805595
1130000000
1130056119
1130301170
1130357289
1130658323
1130952867
1130959493
1132105595
1132700000
1132756119
1134252867
1134259493
1134504425
1134553901
1134805595
1136000000
1136056119
1136301170
1136357289
1136658323
1136952867
1136959493
1138105595
1138700000
1138756119
1140252867
1140259493
1140504425
1140553901
1140805595
1142000000
1142056119
1142301170
1142357289
1142658323
1142952867
1142959493
1144105595
1144700000
1144756119
1146252867
1146259493
1146504425
1146553901
1146805595
1148000000
1148056119
1148301170
1148357289
1148658323
1148952867
1148959493
1150105595
1150700000
1150756119
1152252867
1152259493
1152504425
1152553901
1152805595
1154000000
1154056119
1154301170
1154357289
1154658323
1154952867
1154959493
1156105595
1156700000
1156756119
1158252867
1158259493
1158504425
1158553901
1158805595
1160000000
1160056119
1160301170
1160357289
1160658323
1160952867
1160959493
1162105595
1162700000
1162756119
1164252867
1164259493
1164504425
1164553901
1164805595
1166000000
1166056119
1166301170
1166357289
1166658323
1166952867
1166959493
1168105595
1168700000
1168756119
1170252867
1170259493
1170504425
1170553901
1170805595
1172000000
1172056119
1172301170
1172357289
1172658323
1172952867
1172959493
1174105595
1174700000
1174756119
1176252867
1176259493
1176504425
1176553901
1176805595
1178000000
1178056119
1178301170
1178357289
1178658323
1178952867
1178959493
1180105595
1180700000
1180756119
1182252867
1182259493
1182504425
1182553901
1182805595
1184000000
1184056119
1184301170
1184357289
1184658323
1184952867
1184959493
1186105595
1186700000
1186756119
1188252867
1188259493
1188504425
1188553901
1188805595
1190000000
1190056119
1190301170
1190357289
1190658323
1190952867
1190959493
1192105595
1192700000
1192756119
1194252867
1194259493
1194504425
1194553901
1194805595
1196000000
1196056119
1196301170
1196357289
1196658323
1196952867
1196959493
1198105595
1198700000
1198756119
1200000000
1200056119
1200301170
1200357289
1200658323
1200952867
1200959493
1202105595
1202700000
1202756119
1204252867
1204259493
1204504425
1204553901
1204805595
1206000000
1206056119
1206301170
1206357289
1206658323
1206952867
1206959493
1208105595
1208700000
1208756119
1210252867
1210259493
1210504425
1210553901
1210805595
1212000000
1212056119
1212301170
1212357289
1212658323
1212952867
1212959493
1214105595
1214700000
1214756119
1216252867
1216259493
1216504425
1216553901
1216805595
1218000000
1218056119
1218301170
1218357289
1218658323
1218952867
1218959493
1220105595
1220700000
1220756119
1222252867
1222259493
1222504425
1222553901
1222805595
1224000000
1224056119
1224301170
1224357289
1224658323
1224952867
1224959493
1226105595
1226700000
1226756119
1228252867
1228259493
1228504425
1228553901
1228805595
1230000000
1230056119
1230301170
1230357289
1230658323
1230952867
1230959493
1232105595
1232700000
1232756119
1234252867
1234259493
1234504425
1234553901
1234805595
1236000000
1236056119
1236301170
1236357289
1236658323
1236952867
1236959493
1238105595
1238700000
1238756119
1240252867
1240259493
1240504425
1240553901
1240805595
1242000000
1242056119
1242301170
1242357289
1242658323
1242952867
1242959493
1244105595
1244700000
1244756119
1246252867
1246259493
1246504425
1246553901
1246805595
1248000000
1248056119
1248301170
1248357289
1248658323
1248952867
1248959493
1250105595
1250700000
1250756119
1252252867
1252259493
1252504425
1252553901
1252805595
1254000000
1254056119
1254301170
1254357289
1254658323
1254952867
1254959493
1256105595
1256700000
1256756119
1258252867
1258259493
1258504425
1258553901
1258805595
1260000000
1260056119
1260301170
1260357289
1260658323
1260952867
1260959493
1262105595
1262700000
1262756119
1264252867
1264259493
1264504425
1264553901
1264805595
1266000000
1266056119
1266301170
1266357289
1266658323
1266952867
1266959493
1268105595
1268700000
1268756119
1270252867
1270259493
1270504425
1270553901
1270805595
1272000000
1272056119
1272301170
1272357289
1272658323
1272952867
1272959493
1274105595
1274700000
1274756119
1276252867
1276259493
1276504425
1276553901
1276805595
1278000000
1278056119
1278301170
1278357289
1278658323
1278952867
1278959493
1280105595
1280700000
1280756119
1282252867
1282259493
1282504425
1282553901
1282805595
1284000000
1284056119
1284301170
1284357289
1284658323
1284952867
1284959493
1286105595
1286700000
1286756119
1288252867
1288259493
1288504425
1288553901
1288805595
1290000000
1290056119
1290301170
1290357289
1290658323
1290952867
1290959493
1292105595
1292700000
1292756119
1294252867
1294259493
1294504425
1294553901
1294805595
1296000000
1296056119
1296301170
1296357289
1296658323
1296952867
1296959493
1298105595
1298700000
1298756119
1300000000
1300056119
1300301170
1300357289
1300658323
1300952867
1300959493
1302105595
1302700000
1302756119
1304252867
1304259493
1304504425
1304553901
1304805595
1306000000
1306056119
1306301170
1306357289
1306658323
1306952867
1306959493
1308105595
1308700000
1308756119
1310252867
1310259493
1310504425
1310553901
1310805595
1312000000
1312056119
1312301170
1312357289
1312658323
1312952867
1312959493
1314105595
1314700000
1314756119
1316252867
1316259493
1316504425
1316553901
1316805595
1318000000
1318056119
1318301170
1318357289
1318658323
1318952867
1318959493
1320105595
1320700000
1320756119
1322252867
1322259493
1322504425
1322553901
1322805595
1324000000
1324056119
1324301170
1324357289
1324658323
1324952867
1324959493
1326105595
1326700000
1326756119
1328252867
1328259493
1328504425
1328553901
1328805595
1330000000
1330056119
1330301170
1330357289
1330658323
1330952867
1330959493
1332105595
1332700000
1332756119
1334252867
1334259493
1334504425
1334553901
1334805595
1336000000
1336056119
1336301170
1336357289
1336658323
1336952867
1336959493
1338105595
1338700000
1338756119
1340252867
1340259493
1340504425
1340553901
1340805595
1342000000
1342056119
1342301170
1342357289
1342658323
1342952867
1342959493
1344105595
1344700000
1344756119
1346252867
1346259493
1346504425
1346553901
1346805595
1348000000
1348056119
1348301170
1348357289
1348658323
1348952867
1348959493
1350105595
1350700000
1350756119
1352252867
1352259493
1352504425
1352553901
1352805595
1354000000
1354056119
1354301170
1354357289
1354658323
1354952867
1354959493
1356105595
1356700000
1356756119
1358252867
1358259493
1358504425
1358553901
1358805595
1360000000
1360056119
1360301170
1360357289
1360658323
1360952867
1360959493
1362105595
1362700000
1362756119
1364252867
1364259493
1364504425
1364553901
1364805595
1366000000
1366056119
1366301170
1366357289
1366658323
1366952867
1366959493
1368105595
1368700000
1368756119
1370252867
1370259493
1370504425
1370553901
1370805595
1372000000
1372056119
1372301170
1372357289
1372658323
1372952867
1372959493
1374105595
1374700000
1374756119
1376252867
1376259493
1376504425
1376553901
1376805595
1378000000
1378056119
1378301170
1378357289
1378658323
1378952867
1378959493
1380105595
1380700000
1380756119
1382252867
1382259493
1382504425
1382553901
1382805595
1384000000
1384056119
1384301170
1384357289
1384658323
1384952867
1384959493
1386105595
1386700000
1386756119
1388252867
1388259493
1388504425
1388553901
1388805595
1390000000
1390056119
1390301170
1390357289
1390658323
1390952867
1390959493
1392105595
1392700000
1392756119
1394252867
1394259493
1394504425
1394553901
1394805595
1396000000
1396056119
1396301170
1396357289
1396658323
1396952867
1396959493
1398105595
1398700000
1398756119
1400000000
1400056119
1400301170
1400357289
1400658323
1400952867
1400959493
1402105595
1402700000
1402756119
1404252867
1404259493
1404504425
1404553901
1404805595
1406000000
1406056119
1406301170
1406357289
1406658323
1406952867
1406959493
1408105595
1408700000
1408756119
1410252867
1410259493
1410504425
1410553901
1410805595
1412000000
1412056119
1412301170
1412357289
1412658323
1412952867
1412959493
1414105595
1414700000
1414756119
1416252867
1416259493
1416504425
1416553901
1416805595
1418000000
1418056119
1418301170
1418357289
1418658323
1418952867
1418959493
1420105595
1420700000
1420756119
1422252867
1422259493
1422504425
1422553901
1422805595
1424000000
1424056119
1424301170
1424357289
1424658323
1424952867
1424959493
1426105595
1426700000
1426756119
1428252867
1428259493
1428504425
1428553901
1428805595
1430000000
1430056119
1430301170
1430357289
1430658323
1430952867
1430959493
1432105595
1432700000
1432756119
1434252867
1434259493
1434504425
1434553901
1434805595
1436000000
1436056119
1436301170
1436357289
1436658323
1436952867
1436959493
1438105595
1438700000
1438756119
1440252867
1440259493
1440504425
1440553901
1440805595
1442000000
1442056119
1442301170
1442357289
1442658323
1442952867
1442959493
1444105595
1444700000
1444756119
1446252867
1446259493
1446504425
1446553901
1446805595
1448000000
1448056119
1448301170
1448357289
1448658323
1448952867
1448959493
1450105595
1450700000
1450756119
1452252867
1452259493
1452504425
1452553901
1452805595
1454000000
1454056119
1454301170
1454357289
1454658323
1454952867
1454959493
1456105595
1456700000
1456756119
1458252867
1458259493
1458504425
1458553901
1458805595
1460000000
1460056119
1460301170
1460357289
1460658323
1460952867
1460959493
1462105595
1462700000
1462756119
1464252867
1464259493
1464504425
1464553901
1464805595
1466000000
1466056119
1466301170
1466357289
1466658323
1466952867
1466959493
1468105595
1468700000
1468756119
1470252867
1470259493
1470504425
1470553901
1470805595
1472000000
1472056119
1472301170
1472357289
1472658323
1472952867
1472959493
1474105595
1474700000
1474756119
1476252867
1476259493
1476504425
1476553901
1476805595
1478000000
1478056119
1478301170
1478357289
1478658323
1478952867
1478959493
1480105595
1480700000
1480756119
1482252867
1482259493
1482504425
1482553901
1482805595
1484000000
1484056119
1484301170
1484357289
1484658323
1484952867
1484959493
1486105595
1486700000
1486756119
1488252867
1488259493
1488504425
1488553901
1488805595
1490000000
1490056119
1490301170
1490357289
1490658323
1490952867
1490959493
1492105595
1492700000
1492756119
1494252867
1494259493
1494504425
1494553901
1494805595
1496000000
1496056119
1496301170
1496357289
1496658323
1496952867
1496959493
1498105595
1498700000
1498756119
1500000000
1500056119
1500301170
1500357289
1500658323
1500952867
1500959493
1502105595
1502700000
1502756119
1504252867
1504259493
1504504425
1504553901
1504805595
1506000000
1506056119
1506301170
1506357289
1506658323
1506952867
1506959493
1508105595
1508700000
1508756119
1510252867
1510259493
1510504425
1510553901
1510805595
1512000000
1512056119
1512301170
1512357289
1512658323
1512952867
1512959493
1514105595
1514700000
1514756119
1516252867
1516259493
1516504425
1516553901
1516805595
1518000000
1518056119
1518301170
1518357289
1518658323
1518952867
1518959493
1520105595
1520700000
1520756119
1522252867
1522259493
1522504425
1522553901
1522805595
1524000000
1524056119
1524301170
1524357289
1524658323
1524952867
1524959493
1526105595
1526700000
1526756119
1528252867
1528259493
1528504425
1528553901
1528805595
1530000000
1530056119
1530301170
1530357289
1530658323
1530952867
1530959493
1532105595
1532700000
1532756119
1534252867
1534259493
1534504425
1534553901
1534805595
1536000000
1536056119
1536301170
1536357289
1536658323
1536952867
1536959493
1538105595
1538700000
1538756119
1540252867
1540259493
1540504425
1540553901
1540805595
1542000000
1542056119
1542301170
1542357289
1542658323
1542952867
1542959493
1544105595
1544700000
1544756119
1546252867
1546259493
1546504425
1546553901
1546805595
1548000000
1548056119
1548301170
1548357289
